activation_bitwidth:
- 2
batch_size: 512
epochs: 100
hidden_layer:
- 128
input_bitwidth: 5
input_fanin: 3
lr: 0.0033624636376440777
neuron_fanin:
- 6
output_bitwidth: 6
seed: 145857092
warm_restart_freq: 73
wd: 0.010773354740351782
