activation_bitwidth:
- 5
batch_size: 512
epochs: 100
hidden_layer:
- 64
input_bitwidth: 6
input_fanin: 2
lr: 0.006158459876169435
neuron_fanin:
- 2
output_bitwidth: 4
seed: 1130604997
warm_restart_freq: 88
wd: 2.380725871895354e-05
