activation_bitwidth:
- 2
batch_size: 512
epochs: 100
hidden_layer:
- 256
input_bitwidth: 6
input_fanin: 2
lr: 0.06038451367107124
neuron_fanin:
- 4
output_bitwidth: 2
seed: 1788847358
warm_restart_freq: 18
wd: 0.011272159182580713
