activation_bitwidth:
- 6
batch_size: 512
epochs: 100
hidden_layer:
- 256
input_bitwidth: 4
input_fanin: 4
lr: 0.05232490304533858
neuron_fanin:
- 2
output_bitwidth: 2
seed: 469438682
warm_restart_freq: 76
wd: 0.07646711654482566
