activation_bitwidth:
- 6
batch_size: 512
epochs: 100
hidden_layer:
- 64
input_bitwidth: 5
input_fanin: 3
lr: 0.020891053349049157
neuron_fanin:
- 2
output_bitwidth: 4
seed: 580582163
warm_restart_freq: 44
wd: 0.09668905337645514
