activation_bitwidth:
- 5
batch_size: 512
epochs: 100
hidden_layer:
- 128
input_bitwidth: 4
input_fanin: 2
lr: 0.07238066862837364
neuron_fanin:
- 2
output_bitwidth: 2
seed: 1185857090
warm_restart_freq: 71
wd: 0.0497458459540802
