activation_bitwidth:
- 5
batch_size: 512
epochs: 100
hidden_layer:
- 512
input_bitwidth: 5
input_fanin: 2
lr: 0.0882418860328675
neuron_fanin:
- 2
output_bitwidth: 3
seed: 1587236438
warm_restart_freq: 40
wd: 0.05646889142372957
