activation_bitwidth:
- 6
batch_size: 512
epochs: 100
hidden_layer:
- 512
input_bitwidth: 6
input_fanin: 2
lr: 0.01972730166713511
neuron_fanin:
- 2
output_bitwidth: 6
seed: 2131896411
warm_restart_freq: 71
wd: 0.06720920506011344
