activation_bitwidth:
- 5
batch_size: 512
epochs: 100
hidden_layer:
- 256
input_bitwidth: 6
input_fanin: 2
lr: 0.0004546689619072962
neuron_fanin:
- 2
output_bitwidth: 5
seed: 353819883
warm_restart_freq: 33
wd: 0.012794823114415507
