activation_bitwidth:
- 2
batch_size: 512
epochs: 100
hidden_layer:
- 256
input_bitwidth: 6
input_fanin: 2
lr: 0.00030211526600797145
neuron_fanin:
- 2
output_bitwidth: 6
seed: 1035260931
warm_restart_freq: 22
wd: 0.0013139129909216715
