activation_bitwidth:
- 6
batch_size: 512
epochs: 100
hidden_layer:
- 512
input_bitwidth: 6
input_fanin: 2
lr: 0.0030905859767427143
neuron_fanin:
- 2
output_bitwidth: 6
seed: 301254980
warm_restart_freq: 60
wd: 5.131276632108741e-05
