activation_bitwidth:
- 2
batch_size: 512
epochs: 100
hidden_layer:
- 256
input_bitwidth: 6
input_fanin: 2
lr: 0.010332597324419454
neuron_fanin:
- 3
output_bitwidth: 3
seed: 2034510818
warm_restart_freq: 42
wd: 0.00011840456676965832
