activation_bitwidth:
- 5
batch_size: 512
epochs: 100
hidden_layer:
- 64
input_bitwidth: 6
input_fanin: 2
lr: 0.08601327747739293
neuron_fanin:
- 2
output_bitwidth: 2
seed: 157421313
warm_restart_freq: 73
wd: 0.06413533490400858
