activation_bitwidth:
- 6
batch_size: 512
epochs: 100
hidden_layer:
- 128
input_bitwidth: 6
input_fanin: 2
lr: 0.001176001162032958
neuron_fanin:
- 2
output_bitwidth: 6
seed: 1278448018
warm_restart_freq: 91
wd: 0.0034803799913118104
