activation_bitwidth:
- 3
batch_size: 512
epochs: 100
hidden_layer:
- 256
input_bitwidth: 6
input_fanin: 2
lr: 0.0004625996252463528
neuron_fanin:
- 4
output_bitwidth: 2
seed: 1777674829
warm_restart_freq: 25
wd: 0.0011478805624471741
