activation_bitwidth:
- 3
batch_size: 512
epochs: 100
hidden_layer:
- 512
input_bitwidth: 5
input_fanin: 2
lr: 0.05406985018465637
neuron_fanin:
- 4
output_bitwidth: 2
seed: 1775894489
warm_restart_freq: 96
wd: 0.001552592721772275
