activation_bitwidth:
- 6
batch_size: 512
epochs: 100
hidden_layer:
- 256
input_bitwidth: 5
input_fanin: 2
lr: 0.04305769039961142
neuron_fanin:
- 2
output_bitwidth: 2
seed: 1669728442
warm_restart_freq: 87
wd: 0.012924637032036286
