activation_bitwidth:
- 3
batch_size: 512
epochs: 100
hidden_layer:
- 512
input_bitwidth: 4
input_fanin: 4
lr: 0.022124245757458645
neuron_fanin:
- 2
output_bitwidth: 5
seed: 720520190
warm_restart_freq: 58
wd: 0.08121934131535397
