activation_bitwidth:
- 4
batch_size: 512
epochs: 100
hidden_layer:
- 256
input_bitwidth: 4
input_fanin: 4
lr: 0.01907390885882102
neuron_fanin:
- 2
output_bitwidth: 6
seed: 801613478
warm_restart_freq: 11
wd: 0.039480552910146904
