activation_bitwidth:
- 2
batch_size: 512
epochs: 100
hidden_layer:
- 256
input_bitwidth: 4
input_fanin: 4
lr: 0.02124943273570506
neuron_fanin:
- 4
output_bitwidth: 2
seed: 1093836439
warm_restart_freq: 13
wd: 0.04969607491623986
