activation_bitwidth:
- 3
batch_size: 512
epochs: 100
hidden_layer:
- 64
input_bitwidth: 4
input_fanin: 3
lr: 0.023534734247198437
neuron_fanin:
- 3
output_bitwidth: 6
seed: 388914800
warm_restart_freq: 32
wd: 1.0672983743740516e-05
