activation_bitwidth:
- 5
batch_size: 512
epochs: 100
hidden_layer:
- 512
input_bitwidth: 5
input_fanin: 3
lr: 0.05291856924142662
neuron_fanin:
- 2
output_bitwidth: 6
seed: 1937145803
warm_restart_freq: 54
wd: 0.002970714506861515
