activation_bitwidth:
- 3
batch_size: 512
epochs: 100
hidden_layer:
- 128
input_bitwidth: 6
input_fanin: 2
lr: 0.00019139049644414905
neuron_fanin:
- 3
output_bitwidth: 3
seed: 1314615629
warm_restart_freq: 17
wd: 0.0004988807816322774
