activation_bitwidth:
- 2
batch_size: 512
epochs: 100
hidden_layer:
- 512
input_bitwidth: 5
input_fanin: 2
lr: 0.00197025498629053
neuron_fanin:
- 6
output_bitwidth: 3
seed: 1639060532
warm_restart_freq: 51
wd: 0.016043999959961443
