activation_bitwidth:
- 4
batch_size: 512
epochs: 100
hidden_layer:
- 256
input_bitwidth: 5
input_fanin: 3
lr: 2.9691864545669417e-05
neuron_fanin:
- 4
output_bitwidth: 5
seed: 588305969
warm_restart_freq: 47
wd: 0.00018258452289253424
