activation_bitwidth:
- 6
batch_size: 512
epochs: 100
hidden_layer:
- 256
input_bitwidth: 4
input_fanin: 2
lr: 0.0040201771560882315
neuron_fanin:
- 2
output_bitwidth: 2
seed: 537246089
warm_restart_freq: 32
wd: 0.0008637131502281889
