activation_bitwidth:
- 4
batch_size: 512
epochs: 100
hidden_layer:
- 512
input_bitwidth: 4
input_fanin: 4
lr: 0.004841912509738677
neuron_fanin:
- 3
output_bitwidth: 4
seed: 1195339957
warm_restart_freq: 67
wd: 0.00679407139891206
