activation_bitwidth:
- 6
batch_size: 512
epochs: 100
hidden_layer:
- 512
input_bitwidth: 6
input_fanin: 2
lr: 0.07597429800932047
neuron_fanin:
- 2
output_bitwidth: 6
seed: 1620561213
warm_restart_freq: 33
wd: 0.09228160950511702
