activation_bitwidth:
- 4
batch_size: 512
epochs: 100
hidden_layer:
- 512
input_bitwidth: 4
input_fanin: 4
lr: 0.06235274065619467
neuron_fanin:
- 3
output_bitwidth: 3
seed: 1316414564
warm_restart_freq: 20
wd: 0.07767054460308638
