activation_bitwidth:
- 4
batch_size: 512
epochs: 100
hidden_layer:
- 512
input_bitwidth: 4
input_fanin: 4
lr: 0.0028786139471107357
neuron_fanin:
- 3
output_bitwidth: 5
seed: 1176290585
warm_restart_freq: 46
wd: 0.014801129196899819
