activation_bitwidth:
- 3
batch_size: 512
epochs: 100
hidden_layer:
- 512
input_bitwidth: 5
input_fanin: 3
lr: 0.01125617898277309
neuron_fanin:
- 5
output_bitwidth: 6
seed: 1477479226
warm_restart_freq: 79
wd: 0.004131562199160816
