activation_bitwidth:
- 4
batch_size: 512
epochs: 100
hidden_layer:
- 512
input_bitwidth: 5
input_fanin: 3
lr: 1.939516705363992e-05
neuron_fanin:
- 2
output_bitwidth: 4
seed: 637324987
warm_restart_freq: 66
wd: 0.05760336655486392
