activation_bitwidth:
- 6
batch_size: 512
epochs: 100
hidden_layer:
- 64
input_bitwidth: 5
input_fanin: 2
lr: 0.0006000263124831839
neuron_fanin:
- 2
output_bitwidth: 5
seed: 1533863019
warm_restart_freq: 11
wd: 0.041885925298240305
