activation_bitwidth:
- 3
batch_size: 512
epochs: 100
hidden_layer:
- 64
input_bitwidth: 4
input_fanin: 2
lr: 2.792064367626185e-05
neuron_fanin:
- 2
output_bitwidth: 3
seed: 25530070
warm_restart_freq: 75
wd: 0.0002823608797553817
