activation_bitwidth:
- 6
batch_size: 512
epochs: 100
hidden_layer:
- 128
input_bitwidth: 6
input_fanin: 2
lr: 0.08136797569266757
neuron_fanin:
- 2
output_bitwidth: 3
seed: 1756005484
warm_restart_freq: 69
wd: 0.00824997030869201
