activation_bitwidth:
- 3
batch_size: 512
epochs: 100
hidden_layer:
- 512
input_bitwidth: 5
input_fanin: 2
lr: 0.051974821791115
neuron_fanin:
- 2
output_bitwidth: 6
seed: 1946352608
warm_restart_freq: 61
wd: 0.001493864561627501
