activation_bitwidth:
- 6
batch_size: 512
epochs: 100
hidden_layer:
- 128
input_bitwidth: 6
input_fanin: 2
lr: 0.03995433130725237
neuron_fanin:
- 2
output_bitwidth: 6
seed: 726909846
warm_restart_freq: 90
wd: 0.06970183287821502
