activation_bitwidth:
- 6
batch_size: 512
epochs: 100
hidden_layer:
- 128
input_bitwidth: 4
input_fanin: 4
lr: 0.05165225177428156
neuron_fanin:
- 2
output_bitwidth: 4
seed: 687665631
warm_restart_freq: 74
wd: 0.0005152215818791625
