activation_bitwidth:
- 6
batch_size: 512
epochs: 100
hidden_layer:
- 256
input_bitwidth: 6
input_fanin: 2
lr: 0.0806938006834056
neuron_fanin:
- 2
output_bitwidth: 3
seed: 1684703711
warm_restart_freq: 80
wd: 0.0018448792339646497
