activation_bitwidth:
- 4
batch_size: 512
epochs: 100
hidden_layer:
- 512
input_bitwidth: 4
input_fanin: 2
lr: 0.09061437254616711
neuron_fanin:
- 3
output_bitwidth: 5
seed: 728685569
warm_restart_freq: 52
wd: 0.06973913526274242
